0 48 640 592
1 65 667 602
2 64 646 582
3 65 630 565
4 64 635 571
5 67 643 576
6 68 633 565
7 67 636 569
8 70 637 567
9 71 638 567
10 83 651 568
11 77 660 583
12 76 642 566
13 71 640 569
14 75 643 568
15 73 642 569
16 72 654 582
17 77 645 568
18 76 646 570
19 76 644 568
20 75 644 569
21 78 647 569
22 79 649 570
23 82 652 570
24 82 655 573
25 86 653 567
26 85 652 567
27 86 652 566
28 85 654 569
29 90 659 569
30 88 656 568
31 87 655 568
32 92 659 567
33 93 661 568
34 92 659 567
35 96 666 570
36 93 687 594
37 95 665 570
38 94 665 571
39 98 675 577
40 98 666 568
41 99 670 571
42 98 676 578
43 99 679 580
44 133 773 640
45 110 685 575
46 104 671 567
47 103 671 568
48 105 678 573
49 105 671 566
50 106 671 565
51 107 682 575
52 107 674 567
53 109 675 566
54 110 685 575
55 112 681 569
56 113 679 566
57 112 689 577
58 112 680 568
59 116 680 564
60 116 693 577
61 116 683 567
62 119 685 566
63 120 695 575
64 118 687 569
65 122 690 568
66 121 695 574
67 122 690 568
68 122 688 566
69 124 700 576
70 126 694 568
71 128 695 567
72 127 704 577
73 130 695 565
74 129 697 568
75 129 701 572
76 131 697 566
77 135 700 565
78 134 708 574
79 134 698 564
80 136 712 576
81 134 710 576
82 136 703 567
83 140 705 565
84 140 713 573
85 142 722 580
86 140 703 563
87 140 715 575
88 144 711 567
89 145 709 564
90 145 723 578
91 146 714 568
92 148 713 565
93 147 721 574
94 148 714 566
95 162 773 611
96 161 743 582
97 150 717 567
98 152 718 566
99 152 736 584
100 152 718 566
